2147483647C
0 0
5087 1
4551 1
4114 1
3971 1
3966 1
3969 1
3971 1
3966 1
3966 1
3970 1
3968 1
3973 1
3966 1
3971 1
3967 1
3974 1
3974 1
3969 1
3968 1
3973 1
3972 1
3967 1
3966 1
3968 1
3965 1
3971 1
3966 1
3973 1
3969 1
3967 1
3982 1
3970 1
3970 1
3974 1
3965 1
3970 1
3977 1
3971 1
3975 1
3966 1
3970 1
3973 1
3977 1
3967 1
3968 1
3972 1
3971 1
3971 1
3973 1
3964 1
3969 1
3966 1
3972 1
11805 1
5931 1
17144 1
7630 1
10417 1
17666 1
10380 1
5691 1
8321 1
8073 1
10351 1
17425 1
6450 1
17671 1
16001 1
9306 1
18660 1
8498 1
10759 1
18879 1
19798 1
18391 1
13797 1
18358 1
9361 1
11396 1
12105 1
12353 1
9678 1
14194 1
14432 1
6646 1
5492 1
8655 1
14927 1
12841 1
19397 1
14302 1
9575 1
13606 1
7523 1
9022 1
12719 1
6465 1
9618 1
5151 1
18751 1
6422 1
12579 1
6795 1
9719 1
6801 1
6563 1
12748 1
12255 1
7169 1
13317 1
9142 1
13533 1
6998 1
10262 1
10327 1
12669 1
7267 1
6085 1
11148 1
14313 1
12437 1
11358 1
20142 1
14970 1
7073 1
18452 1
11279 1
10971 1
12030 1
18079 1
14638 1
15429 1
19076 1
4801 1
19044 1
17429 1
8494 1
6460 1
20624 1
20162 1
14147 1
11450 1
13768 1
9981 1
11506 1
10947 1
16875 1
15246 1
5572 1
11648 1
10997 1
16135 1
4972 1
14603 1
16971 1
14428 1
17140 1
11501 1
13203 1
13612 1
6170 1
16550 1
7861 1
17921 1
13536 1
17401 1
17538 1
5742 1
11805 1
7605 1
4876 1
9508 1
6637 1
13940 1
9545 1
16011 1
9201 1
3611 1
6619 1
14195 1
19327 1
18671 1
10465 1
10712 1
5097 1
20156 1
5143 1
15314 1
20656 1
14371 1
12007 1
13957 1
20391 1
10274 1
20730 1
9282 1
7503 1
12556 1
5503 1
17351 1
15875 1
18785 1
15893 1
6750 1
14870 1
17449 1
8047 1
14927 1
20851 1
6516 1
9201 1
5419 1
5191 1
13670 1
7527 1
5906 1
11458 1
18820 1
14274 1
6970 1
13172 1
5060 1
20017 1
14811 1
4385 1
20469 1
15792 1
10340 1
6998 1
17248 1
12858 1
12675 1
19962 1
11472 1
6139 1
16295 1
14195 1
13030 1
14165 1
13517 1
19523 1
8504 1
6918 1
15912 1
7707 1
18192 1
18023 1
16330 1
4981 1
8463 1
6954 1
6470 1
18380 1
8520 1
9022 1
16950 1
11588 1
11258 1
3443 1
13248 1
15608 1
5263 1
16051 1
9398 1
17506 1
14312 1
5143 1
9819 1
18292 1
19788 1
10139 1
20754 1
17236 1
11325 1
20548 1
5508 1
14072 1
18184 1
9293 1
15328 1
5449 1
7237 1
13106 1
12333 1
9293 1
13098 1
14839 1
16201 1
5980 1
12004 1
14695 1
9529 1
13195 1
12602 1
12653 1
9687 1
8121 1
16470 1
20409 1
14953 1
11882 1
6237 1
16265 1
9381 1
13240 1
11168 1
5149 1
9086 1
16895 1
20209 1
15337 1
11996 1
9287 1
10978 1
10969 1
11314 1
5915 1
16884 1
12184 1
5899 1
9039 1
15909 1
16087 1
12780 1
17732 1
16339 1
6479 1
9846 1
13248 1
8396 1
10085 1
17281 1
11531 1
15135 1
6181 1
17718 1
17149 1
15248 1
9871 1
9736 1
18647 1
8939 1
14199 1
12144 1
8101 1
14804 1
17476 1
15508 1
20726 1
7124 1
17357 1
10637 1
14936 1
11291 1
10511 1
13110 1
19292 1
5701 1
4000 1
5085 1
3540 1
3544 1
3551 1
3544 1
3546 1
3545 1
3549 1
3549 1
3545 1
3544 1
3545 1
3551 1
3546 1
3545 1
3546 1
3544 1
3546 1
3548 1
3542 1
3542 1
3541 1
3544 1
3547 1
3545 1
3547 1
3542 1
3542 1
3548 1
3542 1
3542 1
3542 1
3538 1
3546 1
3547 1
3546 1
3542 1
3546 1
3542 1
3545 1
3546 1
3543 1
3540 1
3543 1
3930 1
3927 1
3929 1
3927 1
3929 1
3929 1
3930 1
20231 1
9312 1
12481 1
43604 1
13240 1
6038 1
15181 1
13039 1
193882 1
17270 1
11188 1
5894 1
19056 1
12935 1
5985 1
20435 1
8523 1
5217 1
5992 1
8462 1
16097 1
18999 1
12326 1
13305 1
16648 1
11582 1
10609 1
4988 1
19680 1
14770 1
15959 1
18303 1
10443 1
9267 1
15181 1
9412 1
4814 1
15795 1
7120 1
5225 1
12119 1
8182 1
18645 1
14545 1
20832 1
19407 1
16770 1
6951 1
11766 1
18509 1
20182 1
9760 1
7012 1
3281716 1
-590619 -47
-247822 -49
-563985 -49
-621533 -49
-592368 -48
-580764 -48
-635984 -48
-533805 -49
-368035 -49
-101072 -25
-13039 -1
-193882 -1
