262144000S,0C
0 0
56135 1
158656 1
10234281 1
161749 1
167023 1
161582 1
157775 1
165283 1
156890 1
164839 1
158111 1
160549 1
164875 1
35221 1
36748 1
162194 1
161676 1
157400 1
160753 1
159159 1
6704227 1
162012 1
160641 1
164394 1
157645 1
166845 1
156239 1
165171 1
895 1
162025 1
160376 1
157604 1
161894 1
159187 1
159249 1
155690 1
166761 1
163490 1
160377 1
155888 1
158478 1
157058 1
159344 1
157711 1
166136 1
159533 1
15935505 1
158005 1
160454 1
54550 1
55735 1
164735 1
54969 1
54788 1
5044 1
275682 1
53416 1
51472 1
53989 1
5915318 1
55114 1
5917831 1
56417 1
